{
    "w": 4000,
    "h": 3000,
    "fl_x": 2804.195096893992,
    "fl_y": 2803.7070585042657,
    "cx": 2007.0022559217443,
    "cy": 1485.8262110070104,
    "k1": 0.03496571423469298,
    "k2": -0.07700292421805856,
    "p1": 0.0010440595589985106,
    "p2": -0.0015090352244192286,
    "camera_model": "OPENCV",
    "frames": [
        {
            "file_path": "images/frame_00001.jpg",
            "transform_matrix": [
                [
                    0.9341308137071946,
                    -0.14828354192020535,
                    0.3246715479963301,
                    1.631383257443628
                ],
                [
                    0.1383506433601773,
                    -0.6880858248455219,
                    -0.712318044926901,
                    -1.2353037820883017
                ],
                [
                    0.32902693258236415,
                    0.7103167524719209,
                    -0.6222470480389474,
                    -4.415927811327451
                ],
                [
                    0.0,
                    0.0,
                    0.0,
                    1.0
                ]
            ],
            "colmap_im_id": 1
        },
        {
            "file_path": "images/frame_00002.jpg",
            "transform_matrix": [
                [
                    0.8622132054337359,
                    -0.18121639121104088,
                    0.473021149561126,
                    2.293071410267782
                ],
                [
                    0.18740194081467987,
                    -0.75344412225542,
                    -0.6302400076301492,
                    -0.44602491257612187
                ],
                [
                    0.4706048246188871,
                    0.6320463386455192,
                    -0.615669168344672,
                    -4.047522565829288
                ],
                [
                    0.0,
                    0.0,
                    0.0,
                    1.0
                ]
            ],
            "colmap_im_id": 2
        },
        {
            "file_path": "images/frame_00003.jpg",
            "transform_matrix": [
                [
                    0.7270538447079984,
                    -0.27640787574827186,
                    0.6284834071951669,
                    3.4167547268469254
                ],
                [
                    0.23296775459015745,
                    -0.7617561981107573,
                    -0.6045275179518839,
                    -0.5748191372160868
                ],
                [
                    0.6458472979091406,
                    0.5859404243301302,
                    -0.48944365040246357,
                    -3.730843463463741
                ],
                [
                    0.0,
                    0.0,
                    0.0,
                    1.0
                ]
            ],
            "colmap_im_id": 3
        },
        {
            "file_path": "images/frame_00004.jpg",
            "transform_matrix": [
                [
                    0.5970954474006744,
                    -0.33101932136818796,
                    0.7306868245523058,
                    4.3224858983978045
                ],
                [
                    0.26622046341748135,
                    -0.777489233819921,
                    -0.5697693885704056,
                    -0.4366497720362464
                ],
                [
                    0.7567058157244265,
                    0.534730493029018,
                    -0.37611116478213374,
                    -3.0975889538963095
                ],
                [
                    0.0,
                    0.0,
                    0.0,
                    1.0
                ]
            ],
            "colmap_im_id": 4
        },
        {
            "file_path": "images/frame_00005.jpg",
            "transform_matrix": [
                [
                    0.36771714792624677,
                    -0.43632591904949636,
                    0.8212209151541373,
                    4.4657124819143155
                ],
                [
                    0.2500744808297855,
                    -0.8041660230643658,
                    -0.539239984966392,
                    -0.17168768713264057
                ],
                [
                    0.8956823394254794,
                    0.40365418332336617,
                    -0.18659165878153897,
                    -2.240093635657736
                ],
                [
                    0.0,
                    0.0,
                    0.0,
                    1.0
                ]
            ],
            "colmap_im_id": 5
        },
        {
            "file_path": "images/frame_00006.jpg",
            "transform_matrix": [
                [
                    0.220950871025602,
                    -0.4300032185944396,
                    0.8753730316793238,
                    4.702394732692027
                ],
                [
                    0.2549527017983763,
                    -0.8408791777126068,
                    -0.4774110685091822,
                    0.15096621133541938
                ],
                [
                    0.9413712511218604,
                    0.3286631109324464,
                    -0.07616250438024241,
                    -1.1512599999192619
                ],
                [
                    0.0,
                    0.0,
                    0.0,
                    1.0
                ]
            ],
            "colmap_im_id": 6
        },
        {
            "file_path": "images/frame_00007.jpg",
            "transform_matrix": [
                [
                    0.07091584190137558,
                    -0.43990015696740986,
                    0.8952423109233981,
                    4.9703477505235245
                ],
                [
                    0.24022302320144817,
                    -0.8635543502237797,
                    -0.4433585268533149,
                    0.23360734738373506
                ],
                [
                    0.9681238776579031,
                    0.24649895762382643,
                    0.044434461839788636,
                    -0.373398335352503
                ],
                [
                    0.0,
                    0.0,
                    0.0,
                    1.0
                ]
            ],
            "colmap_im_id": 7
        },
        {
            "file_path": "images/frame_00008.jpg",
            "transform_matrix": [
                [
                    -0.07491962803979528,
                    -0.4472099118314643,
                    0.891285781382196,
                    4.679132150440769
                ],
                [
                    0.23456977753593788,
                    -0.8766209170253292,
                    -0.42013424913997527,
                    0.4467945456139915
                ],
                [
                    0.969207959522165,
                    0.17759240578742105,
                    0.17057804256561532,
                    0.5655303504223422
                ],
                [
                    0.0,
                    0.0,
                    0.0,
                    1.0
                ]
            ],
            "colmap_im_id": 8
        },
        {
            "file_path": "images/frame_00009.jpg",
            "transform_matrix": [
                [
                    -0.27745051445739877,
                    -0.5297783671269359,
                    0.801471205815682,
                    3.653047565559799
                ],
                [
                    0.3094849807557663,
                    -0.8390386280706336,
                    -0.44747427556447583,
                    0.5732437294792375
                ],
                [
                    0.9095274920055626,
                    0.12389133274635107,
                    0.396750146762928,
                    1.113336866033408
                ],
                [
                    0.0,
                    0.0,
                    0.0,
                    1.0
                ]
            ],
            "colmap_im_id": 9
        },
        {
            "file_path": "images/frame_00010.jpg",
            "transform_matrix": [
                [
                    -0.6215147768508797,
                    -0.42651852950937386,
                    0.6571159153004604,
                    2.70557926055678
                ],
                [
                    0.217197029493613,
                    -0.899730333097699,
                    -0.3785641003622161,
                    1.1492889432942908
                ],
                [
                    0.752691724768614,
                    -0.0925595575241401,
                    0.6518342548346043,
                    2.2400795898478214
                ],
                [
                    0.0,
                    0.0,
                    0.0,
                    1.0
                ]
            ],
            "colmap_im_id": 10
        },
        {
            "file_path": "images/frame_00011.jpg",
            "transform_matrix": [
                [
                    -0.8169811701974911,
                    -0.25530287467079815,
                    0.5170707975969657,
                    2.089170826652785
                ],
                [
                    0.08659300031947463,
                    -0.940804412589886,
                    -0.3277021659175753,
                    1.4822242152978071
                ],
                [
                    0.570125792995201,
                    -0.22295178724608705,
                    0.7907269318325809,
                    2.765191847522782
                ],
                [
                    0.0,
                    0.0,
                    0.0,
                    1.0
                ]
            ],
            "colmap_im_id": 11
        },
        {
            "file_path": "images/frame_00012.jpg",
            "transform_matrix": [
                [
                    -0.9040066917306594,
                    -0.1456122312944314,
                    0.40195643968425643,
                    1.7137982879878568
                ],
                [
                    0.03793641501506012,
                    -0.963821982987852,
                    -0.26383330632270185,
                    1.5988476209514324
                ],
                [
                    0.4258318091946531,
                    -0.22325828810330858,
                    0.8768255282957877,
                    3.2958377743953853
                ],
                [
                    0.0,
                    0.0,
                    0.0,
                    1.0
                ]
            ],
            "colmap_im_id": 12
        },
        {
            "file_path": "images/frame_00013.jpg",
            "transform_matrix": [
                [
                    -0.9681923376716911,
                    -0.06076508787492586,
                    0.24271629811238618,
                    0.9620058773057124
                ],
                [
                    0.0004027007599063516,
                    -0.97043874469718,
                    -0.2413472200433642,
                    1.6561735034230691
                ],
                [
                    0.2502067846920346,
                    -0.23357278712665797,
                    0.9395958269426062,
                    3.6655220016134202
                ],
                [
                    0.0,
                    0.0,
                    0.0,
                    1.0
                ]
            ],
            "colmap_im_id": 13
        },
        {
            "file_path": "images/frame_00014.jpg",
            "transform_matrix": [
                [
                    -0.9971832609023398,
                    -0.0064218581104904015,
                    0.07472820026326521,
                    0.18930451728521064
                ],
                [
                    -0.012187035247323848,
                    -0.9692145071861429,
                    -0.24591607355316,
                    1.6193989481939954
                ],
                [
                    0.07400689392251525,
                    -0.24613410734461788,
                    0.9664062193785856,
                    4.14004617032351
                ],
                [
                    0.0,
                    0.0,
                    0.0,
                    1.0
                ]
            ],
            "colmap_im_id": 14
        },
        {
            "file_path": "images/frame_00015.jpg",
            "transform_matrix": [
                [
                    -0.9990541121901696,
                    0.03459419274222896,
                    -0.026346209298954575,
                    -0.45142790262511734
                ],
                [
                    -0.027545487216738534,
                    -0.9722907216412305,
                    -0.2321465027614401,
                    1.6210470172144633
                ],
                [
                    -0.033647095712755086,
                    -0.2312011990429289,
                    0.9723239575939738,
                    4.369800801969038
                ],
                [
                    0.0,
                    0.0,
                    0.0,
                    1.0
                ]
            ],
            "colmap_im_id": 15
        },
        {
            "file_path": "images/frame_00016.jpg",
            "transform_matrix": [
                [
                    -0.9730694881026368,
                    0.12158322499355517,
                    -0.19583996201960813,
                    -1.272857641061376
                ],
                [
                    -0.07484498831997699,
                    -0.9702020265548363,
                    -0.23044794508147043,
                    1.682401984307958
                ],
                [
                    -0.21802293238798878,
                    -0.20958422428478968,
                    0.9531738843904018,
                    4.197538832871969
                ],
                [
                    0.0,
                    0.0,
                    0.0,
                    1.0
                ]
            ],
            "colmap_im_id": 16
        },
        {
            "file_path": "images/frame_00017.jpg",
            "transform_matrix": [
                [
                    -0.8999003230178055,
                    0.23586471057944747,
                    -0.36680682509424506,
                    -2.252439902567916
                ],
                [
                    -0.14738358755018707,
                    -0.956115549211542,
                    -0.2532215130606928,
                    1.6208237027682655
                ],
                [
                    -0.4104357279200764,
                    -0.17381281557809009,
                    0.8951712787995002,
                    4.054795152292495
                ],
                [
                    0.0,
                    0.0,
                    0.0,
                    1.0
                ]
            ],
            "colmap_im_id": 17
        },
        {
            "file_path": "images/frame_00018.jpg",
            "transform_matrix": [
                [
                    -0.7788618539412819,
                    0.3345758686311748,
                    -0.5305027809586343,
                    -2.9336447469592812
                ],
                [
                    -0.1948783710951707,
                    -0.9330633937135624,
                    -0.30234934064922825,
                    1.2746949233102312
                ],
                [
                    -0.5961515184535244,
                    -0.13210485018130563,
                    0.7919290849590843,
                    3.3805569163283606
                ],
                [
                    0.0,
                    0.0,
                    0.0,
                    1.0
                ]
            ],
            "colmap_im_id": 18
        },
        {
            "file_path": "images/frame_00019.jpg",
            "transform_matrix": [
                [
                    -0.5978301989926478,
                    0.39111406565345624,
                    -0.6997348360775213,
                    -3.375508842938708
                ],
                [
                    -0.24225522770306593,
                    -0.9202318905825271,
                    -0.3073852179358076,
                    1.3561540234984324
                ],
                [
                    -0.7641409934187195,
                    -0.01424974396023493,
                    0.6448918412990823,
                    2.2334634827699267
                ],
                [
                    0.0,
                    0.0,
                    0.0,
                    1.0
                ]
            ],
            "colmap_im_id": 19
        },
        {
            "file_path": "images/frame_00020.jpg",
            "transform_matrix": [
                [
                    -0.3523300176383245,
                    0.43571233670245496,
                    -0.8282622279907882,
                    -3.860428543630622
                ],
                [
                    -0.2854096021049007,
                    -0.8928783864417353,
                    -0.3482951995815119,
                    1.26956754735958
                ],
                [
                    -0.8912939569509603,
                    0.11367913911747148,
                    0.43894434229433954,
                    1.308983985234458
                ],
                [
                    0.0,
                    0.0,
                    0.0,
                    1.0
                ]
            ],
            "colmap_im_id": 20
        },
        {
            "file_path": "images/frame_00021.jpg",
            "transform_matrix": [
                [
                    -0.15902199908831974,
                    0.5254797034999108,
                    -0.8358128289369573,
                    -3.893100159279674
                ],
                [
                    -0.3264250698100353,
                    -0.8269579934106784,
                    -0.4578068926236232,
                    1.0036897435477257
                ],
                [
                    -0.931750330080686,
                    0.20002889377244945,
                    0.30303426217294693,
                    0.5359193545794594
                ],
                [
                    0.0,
                    0.0,
                    0.0,
                    1.0
                ]
            ],
            "colmap_im_id": 21
        },
        {
            "file_path": "images/frame_00022.jpg",
            "transform_matrix": [
                [
                    0.14149956240152026,
                    0.5720943054503379,
                    -0.8078898312959963,
                    -3.452686089248657
                ],
                [
                    -0.16333403791729081,
                    -0.7914239313758209,
                    -0.5890417242464858,
                    0.5426600173086882
                ],
                [
                    -0.9763707625168889,
                    0.21530505455500867,
                    -0.018543666985077745,
                    -0.7155783914535054
                ],
                [
                    0.0,
                    0.0,
                    0.0,
                    1.0
                ]
            ],
            "colmap_im_id": 22
        },
        {
            "file_path": "images/frame_00023.jpg",
            "transform_matrix": [
                [
                    0.5308798256636361,
                    0.41261644037879613,
                    -0.740212323480553,
                    -3.4085834856211172
                ],
                [
                    -0.1820194877422058,
                    -0.7975576399548093,
                    -0.5751266965041525,
                    0.6225814458740729
                ],
                [
                    -0.8276687240589752,
                    0.4400562283150256,
                    -0.3483030277441494,
                    -2.1664880484274787
                ],
                [
                    0.0,
                    0.0,
                    0.0,
                    1.0
                ]
            ],
            "colmap_im_id": 23
        },
        {
            "file_path": "images/frame_00024.jpg",
            "transform_matrix": [
                [
                    0.9966485647884843,
                    0.0036836072037574807,
                    0.08171945510723329,
                    -0.12387414099971134
                ],
                [
                    0.05855847648580431,
                    -0.7296704257199372,
                    -0.6812869987467447,
                    1.4787127285656378
                ],
                [
                    0.057118675901286414,
                    0.6837890763003267,
                    -0.7274406889882016,
                    -2.2097743824062253
                ],
                [
                    0.0,
                    0.0,
                    0.0,
                    1.0
                ]
            ],
            "colmap_im_id": 24
        },
        {
            "file_path": "images/frame_00025.jpg",
            "transform_matrix": [
                [
                    0.9966408899684632,
                    0.0031710803607182527,
                    0.08183447129550657,
                    -0.12210826627350108
                ],
                [
                    0.05844903474603372,
                    -0.7274691927459541,
                    -0.6836463149486045,
                    1.4831733791505615
                ],
                [
                    0.05736415936912321,
                    0.6861330176102121,
                    -0.7252108902691532,
                    -2.204216277698243
                ],
                [
                    0.0,
                    0.0,
                    0.0,
                    1.0
                ]
            ],
            "colmap_im_id": 25
        },
        {
            "file_path": "images/frame_00026.jpg",
            "transform_matrix": [
                [
                    0.9976908670427828,
                    -0.06056534237851241,
                    0.030737161905319554,
                    -0.1927957832482134
                ],
                [
                    0.03631961824147054,
                    0.09333962730176841,
                    -0.9949716575390279,
                    0.6666510489759631
                ],
                [
                    0.05739180385921058,
                    0.993790497679335,
                    0.09532380380600305,
                    -0.4067216048499853
                ],
                [
                    0.0,
                    0.0,
                    0.0,
                    1.0
                ]
            ],
            "colmap_im_id": 26
        },
        {
            "file_path": "images/frame_00027.jpg",
            "transform_matrix": [
                [
                    0.9982792992053598,
                    -0.049493285241970546,
                    0.03144607279157179,
                    -0.15635708458229738
                ],
                [
                    0.03540854859621388,
                    0.0813346418507103,
                    -0.9960576844346547,
                    0.6031782443194548
                ],
                [
                    0.0467405120250672,
                    0.995457226982141,
                    0.08294717466352258,
                    -0.44659520470479447
                ],
                [
                    0.0,
                    0.0,
                    0.0,
                    1.0
                ]
            ],
            "colmap_im_id": 27
        },
        {
            "file_path": "images/frame_00028.jpg",
            "transform_matrix": [
                [
                    0.9960937123986813,
                    -0.08530361810556009,
                    0.02281685468932676,
                    -0.19026200661071108
                ],
                [
                    0.05738547991723649,
                    0.4289614349686612,
                    -0.9014981941214834,
                    1.1405336043733347
                ],
                [
                    0.06711350694518606,
                    0.8992860390597243,
                    0.4321809772974635,
                    0.47891647040484153
                ],
                [
                    0.0,
                    0.0,
                    0.0,
                    1.0
                ]
            ],
            "colmap_im_id": 28
        },
        {
            "file_path": "images/frame_00029.jpg",
            "transform_matrix": [
                [
                    0.9961314665025183,
                    -0.08549879459243871,
                    0.020299201136554684,
                    -0.1993760874020885
                ],
                [
                    0.05514096664089661,
                    0.42829472672876123,
                    -0.9019551545693629,
                    1.1363838379196383
                ],
                [
                    0.06842203768852445,
                    0.8995852284133926,
                    0.4313523404120747,
                    0.4702107111055409
                ],
                [
                    0.0,
                    0.0,
                    0.0,
                    1.0
                ]
            ],
            "colmap_im_id": 29
        },
        {
            "file_path": "images/frame_00030.jpg",
            "transform_matrix": [
                [
                    0.9918511237100593,
                    -0.06741055062898071,
                    0.10810719707304446,
                    0.4151877018162248
                ],
                [
                    0.06302836302343347,
                    -0.47780407394740865,
                    -0.8762024265966432,
                    -2.633025713886649
                ],
                [
                    0.11071934722386476,
                    0.875876181079927,
                    -0.4696617310013287,
                    -3.731311439595904
                ],
                [
                    0.0,
                    0.0,
                    0.0,
                    1.0
                ]
            ],
            "colmap_im_id": 30
        },
        {
            "file_path": "images/frame_00031.jpg",
            "transform_matrix": [
                [
                    0.961843432897358,
                    -0.1797103365669165,
                    0.20630415779433806,
                    0.999446528541528
                ],
                [
                    0.10134222695481329,
                    -0.4663911201353774,
                    -0.8787542751501737,
                    -2.583493214372109
                ],
                [
                    0.2541396537891415,
                    0.866131351464588,
                    -0.4303829903493651,
                    -3.5085729800525374
                ],
                [
                    0.0,
                    0.0,
                    0.0,
                    1.0
                ]
            ],
            "colmap_im_id": 31
        },
        {
            "file_path": "images/frame_00032.jpg",
            "transform_matrix": [
                [
                    0.9312996652001575,
                    -0.24200774341782505,
                    0.2722373701825063,
                    1.4723894551396317
                ],
                [
                    0.13118379284523113,
                    -0.4743930671721159,
                    -0.8704837909540714,
                    -2.671096148090462
                ],
                [
                    0.3398113389703385,
                    0.846394393852443,
                    -0.4100546109512015,
                    -3.5385249398069973
                ],
                [
                    0.0,
                    0.0,
                    0.0,
                    1.0
                ]
            ],
            "colmap_im_id": 32
        },
        {
            "file_path": "images/frame_00033.jpg",
            "transform_matrix": [
                [
                    0.88739080165731,
                    -0.3104469421919763,
                    0.34082291768255324,
                    1.9769585066451936
                ],
                [
                    0.15875846891465323,
                    -0.48828555808753255,
                    -0.8581217642683479,
                    -2.711150158409952
                ],
                [
                    0.4328201863151392,
                    0.8155978848959811,
                    -0.38401403160734854,
                    -3.422347283649484
                ],
                [
                    0.0,
                    0.0,
                    0.0,
                    1.0
                ]
            ],
            "colmap_im_id": 33
        },
        {
            "file_path": "images/frame_00034.jpg",
            "transform_matrix": [
                [
                    0.8496111117414705,
                    -0.3322566336638442,
                    0.4095930763474803,
                    2.4580729277608406
                ],
                [
                    0.20395795262318914,
                    -0.5092065436978596,
                    -0.8361278905867434,
                    -2.7173908354432217
                ],
                [
                    0.4863765129682763,
                    0.7939233119399193,
                    -0.3648611549496195,
                    -3.3560466382340666
                ],
                [
                    0.0,
                    0.0,
                    0.0,
                    1.0
                ]
            ],
            "colmap_im_id": 34
        },
        {
            "file_path": "images/frame_00035.jpg",
            "transform_matrix": [
                [
                    0.7753779359590304,
                    -0.4291111925390582,
                    0.46330620637502895,
                    2.872871105570131
                ],
                [
                    0.1964008092447247,
                    -0.5334145513551535,
                    -0.8227366763008668,
                    -2.764551846975069
                ],
                [
                    0.6001797885266804,
                    0.7289255797681181,
                    -0.329320088369631,
                    -3.1731589995090106
                ],
                [
                    0.0,
                    0.0,
                    0.0,
                    1.0
                ]
            ],
            "colmap_im_id": 35
        },
        {
            "file_path": "images/frame_00036.jpg",
            "transform_matrix": [
                [
                    0.7140488483307178,
                    -0.47692963236526265,
                    0.5125157246070706,
                    3.2208325560828928
                ],
                [
                    0.2115713650231571,
                    -0.5508339396601561,
                    -0.8073534098650412,
                    -2.7008156844201023
                ],
                [
                    0.6673618206788677,
                    0.6849234239609613,
                    -0.29241768689629527,
                    -2.911386919718523
                ],
                [
                    0.0,
                    0.0,
                    0.0,
                    1.0
                ]
            ],
            "colmap_im_id": 36
        },
        {
            "file_path": "images/frame_00037.jpg",
            "transform_matrix": [
                [
                    0.6082906654251362,
                    -0.5461871952496378,
                    0.5759010454079576,
                    3.8210108139433965
                ],
                [
                    0.22261723717485377,
                    -0.5790494286587516,
                    -0.7843107323520493,
                    -2.837562292935422
                ],
                [
                    0.7618556504150109,
                    0.6052943968973338,
                    -0.23063967788612003,
                    -2.7124319521869564
                ],
                [
                    0.0,
                    0.0,
                    0.0,
                    1.0
                ]
            ],
            "colmap_im_id": 37
        },
        {
            "file_path": "images/frame_00038.jpg",
            "transform_matrix": [
                [
                    0.4760322806623406,
                    -0.602231729044869,
                    0.6408667664179799,
                    4.233596074440154
                ],
                [
                    0.2462194416995577,
                    -0.6083184534206655,
                    -0.7545360466916392,
                    -2.7222285805970556
                ],
                [
                    0.8442566282218745,
                    0.5169773725798033,
                    -0.14129806065164002,
                    -2.0323778801250665
                ],
                [
                    0.0,
                    0.0,
                    0.0,
                    1.0
                ]
            ],
            "colmap_im_id": 38
        },
        {
            "file_path": "images/frame_00039.jpg",
            "transform_matrix": [
                [
                    0.3332394015374747,
                    -0.6410885265160066,
                    0.6913443443266759,
                    4.6220701651357805
                ],
                [
                    0.289432017115536,
                    -0.6282941520127582,
                    -0.7221326512594494,
                    -2.467272316158959
                ],
                [
                    0.8973185659125625,
                    0.44074024063625633,
                    -0.02382082182707217,
                    -1.3711087491025213
                ],
                [
                    0.0,
                    0.0,
                    0.0,
                    1.0
                ]
            ],
            "colmap_im_id": 39
        },
        {
            "file_path": "images/frame_00040.jpg",
            "transform_matrix": [
                [
                    0.3260260540725349,
                    -0.6413582947906623,
                    0.6945261332513752,
                    4.612918593290963
                ],
                [
                    0.29087452946608,
                    -0.6309719535395596,
                    -0.7192123483049762,
                    -2.5004334381103615
                ],
                [
                    0.8994993163831642,
                    0.43650192616950256,
                    -0.019158504026540426,
                    -1.4107440072390847
                ],
                [
                    0.0,
                    0.0,
                    0.0,
                    1.0
                ]
            ],
            "colmap_im_id": 40
        },
        {
            "file_path": "images/frame_00041.jpg",
            "transform_matrix": [
                [
                    0.38823203215727997,
                    -0.594624569489896,
                    0.7040578886469384,
                    3.262532330091511
                ],
                [
                    0.2589527673938159,
                    -0.6628131659318587,
                    -0.7025825014377106,
                    -1.4226005384284381
                ],
                [
                    0.8844316556219103,
                    0.45508277096187916,
                    -0.10334562452056109,
                    -1.3485966098951248
                ],
                [
                    0.0,
                    0.0,
                    0.0,
                    1.0
                ]
            ],
            "colmap_im_id": 41
        },
        {
            "file_path": "images/frame_00042.jpg",
            "transform_matrix": [
                [
                    0.33933984408858936,
                    -0.6053681058967688,
                    0.7199846710707737,
                    3.318424239481881
                ],
                [
                    0.256206591755527,
                    -0.676982590263396,
                    -0.6899657635138713,
                    -1.567923636948137
                ],
                [
                    0.9051003549634417,
                    0.4185976933085289,
                    -0.07462786746136009,
                    -1.1704988675567596
                ],
                [
                    0.0,
                    0.0,
                    0.0,
                    1.0
                ]
            ],
            "colmap_im_id": 42
        },
        {
            "file_path": "images/frame_00043.jpg",
            "transform_matrix": [
                [
                    0.07503745436450514,
                    -0.7474612830926988,
                    0.6600537938076804,
                    3.119920719757577
                ],
                [
                    0.20012796589538637,
                    -0.6371642715727193,
                    -0.7442919375472108,
                    -1.518283770853266
                ],
                [
                    0.9768921013648695,
                    0.1879449954338317,
                    0.10177672122006604,
                    -0.006769313508947539
                ],
                [
                    0.0,
                    0.0,
                    0.0,
                    1.0
                ]
            ],
            "colmap_im_id": 43
        },
        {
            "file_path": "images/frame_00044.jpg",
            "transform_matrix": [
                [
                    -0.01067122765273672,
                    -0.7725148998120916,
                    0.6349069652072635,
                    3.0305446370432554
                ],
                [
                    0.19766217136456474,
                    -0.6240440265933591,
                    -0.7559753427755382,
                    -1.2065072770765637
                ],
                [
                    0.9802121152647667,
                    0.1174299043747405,
                    0.15935628838144564,
                    0.3084943931669814
                ],
                [
                    0.0,
                    0.0,
                    0.0,
                    1.0
                ]
            ],
            "colmap_im_id": 44
        },
        {
            "file_path": "images/frame_00045.jpg",
            "transform_matrix": [
                [
                    -0.14003891617420305,
                    -0.7637100005885944,
                    0.6301873824171057,
                    3.0171650390320224
                ],
                [
                    0.20074362546803298,
                    -0.6451400723239142,
                    -0.7372220044978612,
                    -1.2287431793368633
                ],
                [
                    0.9695829509591762,
                    0.02326632938096571,
                    0.2436546308331361,
                    0.7255942553189427
                ],
                [
                    0.0,
                    0.0,
                    0.0,
                    1.0
                ]
            ],
